0
0
0
0
0
0
593
0
0
0
0
0
0
0
0
0
61
111
0
0
0
0
0
0
0
887
0
0
231
0
0
0
0
0
0
0
1253
0
796
0
0
1028
0
0
0
0
0
462
0
0
0
0
601
399
0
0
0
0
0
0
0
142
0
0
0
0
942
0
0
1233
1228
696
352
0
730
0
598
446
0
0
0
0
0
0
0
287
0
0
765
0
0
458
0
0
0
0
0
0
0
0
0
476
0
0
794
0
0
0
0
397
0
0
0
0
0
0
0
0
0
0
0
0
0
0
139
0
60
0
0
0
0
0
0
0
905
927
0
0
0
0
0
0
0
551
0
0
70
0
0
0
0
818
0
0
752
0
0
0
471
0
0
0
0
0
995
796
0
616
0
0
0
0
0
0
0
0
0
0
0
0
0
0
0
0
0
0
0
960
0
0
0
0
566
0
0
0
0
1018
0
0
0
0
0
1133
0
0
0
0
0
69
0
1241
0
0
0
0
0
0
0
0
1166
0
0
0
812
0
1261
0
0
1104
0
0
0
0
0
0
0
0
0
0
0
0
0
0
0
0
0
855
0
0
0
617
0
0
0
0
0
0
0
0
0
0
0
1182
0
0
0
0
0
0
0
0
799
0
0
0
0
938
0
0
0
0
0
0
0
0
0
0
0
0
0
0
0
151
0
0
0
0
796
0
0
0
0
0
0
0
0
0
0
0
0
0
0
1030
0
0
0
0
0
0
0
0
0
0
0
0
0
0
0
0
0
0
0
0
0
0
1185
0
0
0
0
0
282
796
0
0
0
0
0
241
1250
0
0
0
0
0
0
0
1243
0
44
406
0
0
798
0
0
0
92
0
0
554
0
0
0
0
0
458
0
854
0
0
0
0
0
114
0
617
0
0
0
0
0
0
0
0
0
0
0
0
0
0
0
0
0
0
0
0
0
0
6
0
0
263
0
135
0
0
0
0
0
0
448
0
0
686
0
0
0
0
0
142
0
563
337
0
0
0
0
0
0
0
0
0
0
0
0
0
0
0
0
0
0
0
0
0
0
0
0
0
0
0
0
0
0
0
0
0
818
0
0
0
0
957
275
0
0
0
0
0
0
0
0
0
0
0
0
0
0
0
0
0
0
0
447
1133
0
1032
0
0
0
0
0
1009
0
0
0
0
0
0
0
0
0
819
1228
0
0
0
934
0
0
0
1019
0
0
0
0
0
0
0
0
485
1272
0
0
0
0
535
0
0
61
0
0
0
0
0
0
358
0
0
0
0
0
0
0
0
0
0
0
0
0
0
0
736
0
0
0
0
0
0
0
0
0
0
0
0
0
0
0
0
0
0
0
0
0
0
910
0
0
0
0
0
0
0
0
0
0
1153
0
0
0
0
548
0
0
742
0
0
0
759
0
0
0
0
0
0
0
68
0
0
0
0
0
0
511
0
0
0
0
633
784
0
0
0
91
0
0
0
0
632
0
0
0
0
0
0
472
0
0
0
0
0
504
1030
0
0
796
0
0
0
0
0
61
1133
0
0
914
0
0
0
40
1030
0
0
0
0
0
0
0
0
0
0
301
0
0
0
0
472
0
0
0
0
0
782
0
0
787
0
0
0
1175
0
0
0
0
0
0
0
0
0
0
0
0
0
0
0
0
725
1152
0
0
0
0
0
0
0
0
0
0
0
684
0
0
44
1152
0
0
0
0
0
0
997
0
1243
216
0
0
0
0
0
0
184
0
796
0
1066
0
0
0
143
0
0
0
0
0
0
69
0
0
0
1111
0
0
1023
0
0
0
0
0
0
0
0
0
0
0
0
0
0
0
0
0
773
0
1133
0
0
0
0
0
0
0
0
0
0
0
0
0
0
0
0
0
0
0
0
0
743
0
0
0
0
0
0
0
0
0
526
0
0
1112
0
0
0
0
0
0
0
0
0
0
0
0
636
0
0
818
0
1259
0
1135
0
0
0
0
0
0
691
0
0
0
0
0
5
0
0
0
0
0
0
0
0
0
0
0
0
0
0
0
0
0
0
0
0
0
0
0
0
0
0
0
0
0
0
0
0
0
0
578
0
430
1162
0
600
0
0
0
1243
0
134
0
0
287
0
574
0
600
0
0
0
0
0
0
450
0
0
0
0
0
0
0
0
0
0
630
0
1152
0
0
0
0
0
0
0
0
0
33
0
440
0
0
0
0
0
0
0
0
0
0
931
0
0
0
0
0
0
726
0
0
0
0
0
0
0
832
0
0
0
958
0
9
402
0
0
0
0
0
636
810
0
0
0
0
0
0
0
0
0
0
95
765
0
0
0
0
0
0
0
0
0
0
0
216
0
0
941
0
0
112
0
0
0
141
0
0
635
0
0
0
0
784
0
0
0
0
0
912
0
0
0
613
0
0
0
0
1213
0
490
0
0
0
0
0
0
576
0
0
0
1025
32
760
0
0
0
0
0
0
0
0
0
0
0
0
0
0
0
0
578
0
0
0
0
0
0
0
0
0
915
0
0
0
446
0
576
0
0
0
0
0
0
0
613
0
0
0
0
0
0
0
464
0
0
0
0
0
0
183
0
0
397
0
774
0
0
0
78
0
0
0
1133
0
0
0
0
0
0
0
0
0
0
0
0
0
532
0
633
0
0
0
0
0
61
0
0
0
0
0
0
997
0
0
0
0
0
6
0
222
1152
0
1152
0
0
951
0
0
0
0
0
0
0
0
0
0
0
0
0
0
0
0
0
0
6
0
1152
0
0
0
521
0
44
0
907
0
1045
0
0
0
0
0
0
857
0
0
0
846
0
61
0
0
0
0
0
578
0
118
0
0
0
0
0
0
0
0
796
0
0
1133
928
0
0
0
0
0
369
44
0
0
0
0
865
1239
0
0
0
0
190
0
0
0
0
1174
0
721
494
0
0
0
0
0
0
0
0
0
0
0
0
0
0
0
0
0
0
1228
0
0
0
0
0
0
0
0
0
991
0
47
0
0
0
0
799
61
0
44
0
1058
0
0
0
0
0
0
0
0
70
0
0
478
165
0
0
0
0
1009
0
478
0
367
1063
0
0
0
0
0
0
0
0
0
0
0
0
594
0
0
0
0
0
0
0
0
0
952
0
0
0
0
0
0
0
0
0
0
603
0
0
0
0
190
0
0
1152
0
0
0
0
0
0
0
0
0
0
0
0
0
0
0
152
0
0
810
0
0
0
0
1133
0
0
0
0
0
0
0
0
0
0
0
0
0
796
0
0
0
1123
0
0
0
0
0
0
0
0
0
0
0
0
460
0
0
0
0
272
0
1134
0
0
0
0
600
0
0
0
206
0
0
0
0
0
0
24
0
0
0
0
0
0
0
842
0
822
296
0
0
0
0
0
0
0
0
0
0
0
0
0
0
0
0
0
0
0
0
226
582
147
0
0
0
0
1206
0
0
0
0
578
789
773
497
0
0
0
0
0
0
469
0
617
0
0
0
0
0
942
0
573
0
0
61
0
1157
0
0
0
1263
0
442
0
617
0
0
0
0
616
0
0
0
1152
0
472
0
0
634
0
0
0
0
0
0
0
0
205
0
315
0
0
0
0
0
0
997
23
1225
0
1132
0
0
0
0
0
0
0
978
0
0
0
0
578
0
0
0
0
1023
0
0
0
0
402
0
0
0
0
0
0
0
1140
0
0
0
0
0
0
0
110
0
796
0
0
641
359
0
796
0
0
0
0
0
578
0
0
0
1264
0
0
0
0
0
0
28
0
0
0
0
0
0
0
0
0
0
0
0
44
1106
0
0
0
0
0
1044
0
0
0
0
0
0
76
0
0
0
0
0
0
0
0
0
0
0
61
0
0
0
0
0
524
0
0
0
0
0
0
0
0
0
0
0
0
0
0
1029
0
1235
0
0
0
432
0
1132
0
1232
0
0
0
0
0
0
397
0
0
0
1096
186
857
0
0
705
0
0
0
0
0
649
0
44
0
0
0
0
0
0
0
0
0
0
0
0
0
0
442
0
0
0
0
812
0
600
0
0
0
0
0
61
0
0
0
780
0
0
0
0
0
0
0
0
896
0
0
0
0
0
0
0
0
0
0
0
0
0
0
0
0
0
0
0
0
0
0
0
0
0
0
677
0
67
0
822
0
0
0
0
0
0
0
0
0
903
0
0
0
0
0
0
0
0
0
0
1194
0
0
0
0
0
0
0
0
518
0
0
0
0
0
0
0
0
0
0
318
0
0
1228
69
0
0
0
0
0
0
0
0
0
0
0
0
0
0
776
0
0
0
0
0
0
0
1023
460
0
0
1128
0
0
690
1152
0
0
0
0
0
0
61
0
0
0
0
0
0
0
0
0
0
0
0
0
578
0
0
0
0
0
0
0
0
0
1018
191
0
814
0
0
0
0
0
0
0
0
0
0
0
0
0
0
0
0
0
0
0
0
0
0
0
0
0
0
0
810
0
0
6
0
0
234
0
0
0
0
627
0
4
0
408
0
0
578
0
0
0
0
0
0
0
0
0
0
0
0
0
0
0
0
0
61
0
0
0
0
0
0
525
0
0
0
0
0
0
0
0
0
0
0
0
0
0
0
0
0
0
0
0
0
0
401
0
0
70
0
514
148
0
613
0
742
0
0
0
399
0
0
0
0
0
0
1243
0
0
0
113
0
0
0
0
0
0
0
0
0
0
0
0
0
0
0
839
0
0
0
0
0
0
0
0
0
0
0
0
0
718
0
862
0
0
0
0
0
1088
0
0
1243
0
0
89
0
0
0
0
0
0
0
0
0
0
0
0
579
0
0
948
0
0
0
0
0
0
384
0
0
0
0
0
578
0
0
600
0
0
0
0
0
0
0
0
0
0
0
1037
0
0
0
0
0
0
416
0
819
0
0
0
0
0
0
0
101
0
0
0
0
0
297
0
0
291
0
0
0
0
0
0
0
0
0
0
0
0
1152
0
397
0
0
0
0
0
143
0
0
0
0
0
0
0
0
0
0
217
0
0
0
173
0
451
0
0
0
0
0
0
0
0
761
0
0
679
0
0
0
0
0
0
0
0
0
0
0
1210
0
0
0
0
0
0
0
545
0
0
0
0
0
1140
0
0
0
0
0
0
0
0
0
0
397
325
0
0
0
0
0
0
0
796
0
0
0
0
0
544
0
0
0
0
0
0
0
0
0
0
0
0
0
0
0
0
0
0
0
0
0
0
0
0
61
0
43
0
0
0
0
0
0
0
143
0
1152
0
0
0
0
0
0
0
0
0
677
0
0
0
0
0
0
0
0
0
0
228
196
0
0
0
0
1135
0
0
0
0
0
0
0
0
0
0
0
0
0
852
0
0
832
0
0
0
0
0
0
0
0
0
0
0
277
0
0
0
0
0
0
0
0
0
0
0
929
1133
0
0
978
0
0
758
0
949
0
0
0
0
0
0
0
0
0
0
270
0
0
224
765
0
985
44
0
0
744
0
0
0
0
0
0
0
0
77
0
0
0
0
0
0
0
0
0
934
0
0
0
0
0
0
616
0
0
0
0
0
0
0
0
0
0
1099
0
0
0
0
0
0
197
0
0
0
190
0
0
0
0
0
1133
0
0
0
818
0
0
0
0
0
50
0
0
0
0
0
410
0
0
0
0
0
0
774
0
0
0
0
0
0
0
0
0
0
0
0
0
0
0
138
0
0
0
0
0
978
0
0
0
0
0
0
0
0
0
0
0
0
0
0
0
0
0
799
32
0
0
0
0
832
0
0
0
0
1149
810
0
0
0
743
0
0
0
0
945
0
0
0
0
0
0
0
0
0
0
0
0
0
0
703
0
0
0
0
0
0
0
0
0
0
0
0
0
447
0
0
0
0
0
0
0
0
0
0
0
0
0
0
0
0
0
0
0
0
0
576
0
0
0
6
0
0
0
0
0
0
0
0
0
796
0
0
0
0
0
0
0
0
0
0
0
0
914
0
0
0
0
0
0
0
32
0
0
0
1169
61
0
716
0
0
0
0
0
515
0
0
0
0
843
0
0
0
44
1232
0
1035
0
0
1193
0
0
0
0
0
0
0
0
0
0
1030
0
0
0
562
0
0
0
0
0
0
0
0
0
0
0
0
0
0
0
0
0
578
0
0
0
506
0
0
0
0
958
461
0
587
0
0
0
0
0
0
0
0
0
0
0
0
0
0
0
0
0
0
0
0
796
0
0
0
0
0
0
0
0
0
0
0
0
0
0
0
0
0
0
0
0
0
0
0
0
0
0
0
0
0
928
0
0
0
0
0
0
0
0
0
0
0
0
713
0
474
0
0
0
0
0
0
0
1133
0
0
0
0
1133
0
0
0
0
0
0
0
0
0
0
0
0
0
0
0
0
0
0
0
0
397
0
0
0
514
0
0
0
0
0
0
0
0
432
475
0
0
0
853
0
0
0
0
0
0
0
0
0
0
0
0
0
0
0
0
0
44
0
0
0
0
0
0
0
0
0
76
0
0
0
0
0
0
822
796
0
0
0
0
0
0
329
0
6
349
633
0
472
0
0
0
737
0
0
0
0
0
69
751
0
0
0
0
0
0
0
0
0
0
0
0
0
818
0
0
0
0
0
902
0
0
0
0
0
0
0
0
0
0
0
0
0
0
0
0
130
0
0
0
0
0
715
1183
0
0
0
0
0
0
0
0
442
0
0
0
0
0
258
0
0
1243
0
0
0
0
0
0
765
0
617
978
0
0
0
0
185
0
0
0
0
1173
0
0
0
0
1092
0
0
0
0
0
0
0
0
0
0
0
0
571
0
0
0
0
617
0
0
0
761
0
0
0
0
363
0
0
0
1049
0
0
0
0
0
0
0
0
488
0
0
0
1230
0
0
0
0
0
0
540
0
0
0
0
0
0
576
0
0
0
0
0
0
0
0
0
0
0
0
0
0
413
0
0
0
0
0
0
0
0
0
443
0
1160
0
0
0
0
700
0
0
0
0
0
0
0
0
19
0
0
0
0
0
0
0
0
0
0
0
1152
0
0
875
397
0
0
0
0
0
723
0
0
0
0
0
0
0
0
0
0
0
1133
913
0
0
240
0
0
0
0
0
216
0
0
0
0
0
0
0
0
0
0
0
0
0
0
0
0
0
0
0
364
0
0
0
0
0
0
0
0
0
0
25
0
0
0
0
319
0
0
0
0
0
0
0
586
6
6
0
0
607
0
0
0
0
0
0
0
0
947
0
0
0
0
0
0
0
0
0
0
0
753
0
0
0
432
0
0
0
576
0
541
818
0
0
782
0
290
0
0
0
0
1167
1201
442
0
0
0
256
0
220
0
978
0
0
0
0
0
0
0
0
0
1178
0
0
0
0
0
0
0
0
0
0
288
0
633
0
602
0
0
0
0
0
0
0
0
0
0
412
0
0
0
0
0
0
799
0
0
460
0
110
0
0
1189
0
0
0
0
0
0
689
0
1196
0
399
0
0
0
0
0
0
0
0
0
882
0
0
0
0
0
0
0
0
0
447
1232
0
0
1152
0
0
0
0
0
0
0
0
0
0
0
0
60
0
0
0
0
0
0
0
0
617
0
0
0
0
0
0
0
0
0
0
0
0
933
0
0
464
0
0
0
0
0
0
0
0
0
0
0
0
359
0
0
0
0
1054
100
0
907
0
1116
0
0
0
90
0
0
6
69
0
0
0
0
0
0
0
0
0
1152
0
765
796
0
890
0
0
88
0
0
0
0
0
0
0
0
0
1272
0
0
0
0
484
0
0
0
0
356
0
0
0
0
0
0
980
0
139
0
0
0
219
0
0
0
0
0
0
0
884
1075
0
0
574
0
0
0
0
0
0
0
0
0
0
0
0
0
0
0
0
0
0
0
0
0
0
0
0
0
0
0
0
0
0
0
0
578
0
0
0
0
0
0
0
0
0
472
0
0
0
0
0
0
0
0
0
0
0
0
0
0
0
0
0
0
1207
0
0
0
344
0
1133
743
0
0
635
0
919
0
578
0
0
0
0
0
0
0
44
818
0
0
0
0
1228
0
0
0
0
0
0
0
1140
0
0
0
938
0
0
0
0
1228
1228
0
0
0
0
0
0
0
139
0
0
569
472
0
0
0
0
0
6
0
0
0
829
0
0
0
0
0
0
0
0
0
0
0
0
124
0
0
0
0
0
0
0
0
0
0
0
558
0
761
0
0
0
0
0
0
0
0
578
0
0
0
0
0
0
0
1108
0
404
0
0
162
175
0
0
0
0
0
0
287
584
0
0
0
0
0
0
0
1188
974
0
0
0
1188
0
0
0
0
0
0
0
281
0
0
0
0
355
0
0
0
1187
0
0
914
0
0
1054
1098
0
0
0
0
0
0
0
0
0
0
0
0
0
143
0
0
0
0
0
880
0
0
1135
0
0
0
0
0
432
0
0
0
547
0
0
0
0
796
0
0
609
0
0
0
1230
0
1228
432
0
0
0
0
0
0
0
0
0
0
0
0
0
0
0
0
0
0
0
0
0
0
0
0
614
0
0
0
0
0
0
1261
0
671
0
0
0
0
0
0
0
0
0
0
0
0
0
0
0
0
0
0
0
0
0
0
0
0
0
0
0
0
400
0
61
578
0
0
0
0
32
0
0
0
0
0
0
0
0
0
0
0
0
0
0
0
0
1152
0
0
623
0
0
0
139
0
0
336
0
0
285
0
0
0
0
0
0
0
0
0
0
0
0
0
0
0
0
193
0
0
0
0
0
0
0
0
0
0
0
0
0
0
0
0
0
0
0
0
779
0
0
171
0
0
0
0
0
0
0
0
183
0
0
521
0
0
0
0
0
0
0
0
0
0
0
0
0
0
0
0
0
0
0
1135
0
0
0
0
0
0
0
0
0
0
0
0
0
0
0
0
0
0
0
0
0
0
1074
575
0
0
0
0
0
0
0
633
0
0
0
0
70
0
0
0
0
617
799
0
472
0
0
0
0
0
0
0
0
0
0
0
0
0
0
0
0
153
1018
0
682
0
0
0
1087
0
591
0
0
0
0
0
0
0
0
0
0
58
0
0
0
0
0
862
0
0
0
0
818
0
0
0
34
978
0
1078
0
0
0
761
0
0
0
0
0
0
0
0
109
0
0
617
0
1133
594
656
0
0
0
0
0
0
0
0
0
0
0
0
0
0
0
0
0
0
129
0
0
0
0
0
0
0
1101
0
0
0
0
0
0
0
0
0
0
0
0
0
0
0
0
0
0
0
675
0
0
0
0
0
0
596
0
0
0
636
0
397
397
432
0
0
70
397
583
1243
0
0
0
600
0
0
0
740
0
0
0
0
0
0
0
0
0
0
0
0
0
0
0
343
0
0
664
6
0
0
0
927
818
0
0
397
0
0
0
0
937
0
0
0
0
0
0
15
0
0
0
0
0
0
0
0
0
256
0
0
0
0
0
0
657
0
0
0
313
1009
0
0
0
0
799
0
0
0
0
0
6
0
0
0
0
0
0
0
0
0
0
0
0
0
0
0
733
0
0
0
0
0
0
0
0
796
0
472
0
898
0
0
0
1152
0
0
0
0
616
1162
677
0
0
0
0
0
496
368
0
0
0
0
0
0
0
0
969
297
0
0
0
0
0
1241
0
0
0
0
537
0
0
0
0
319
635
0
942
0
0
0
0
0
0
783
0
0
0
0
0
0
0
0
0
0
0
0
0
0
0
0
0
0
0
739
0
0
0
0
0
0
0
0
0
0
0
0
0
0
0
0
651
0
0
0
794
0
0
0
794
618
0
0
0
0
0
710
0
0
0
0
0
0
0
0
0
0
0
888
997
0
0
0
0
1248
0
0
0
0
0
0
0
0
0
0
0
0
0
0
0
1246
0
0
0
0
0
0
0
0
0
0
0
0
723
0
0
0
0
0
0
0
0
0
0
0
0
0
0
0
0
0
0
0
0
0
0
0
0
0
0
0
0
0
0
0
1020
0
0
0
0
0
0
0
137
0
0
0
0
0
0
0
0
0
0
0
0
0
0
469
0
394
0
0
0
0
69
704
0
0
0
0
1123
278
0
98
0
0
0
0
0
0
0
0
978
0
782
0
0
0
0
0
0
0
1237
0
0
633
0
0
0
0
6
0
0
0
0
576
0
0
0
0
0
0
0
0
0
0
0
0
0
0
1196
0
0
1050
0
0
0
0
0
0
1181
0
0
378
0
4
0
388
774
501
0
0
0
0
0
0
0
0
0
0
0
0
0
0
0
447
0
0
0
1152
0
0
1048
0
0
0
0
0
0
0
0
0
0
0
0
0
0
340
0
1145
843
0
0
0
0
0
0
0
0
0
0
0
0
0
0
235
0
0
796
0
0
0
0
0
0
0
0
0
0
0
987
0
0
0
0
0
0
0
631
0
0
0
0
0
0
0
0
0
0
0
720
0
0
0
796
0
0
0
1205
0
0
0
0
26
0
799
0
0
0
0
0
0
0
0
0
0
0
0
0
0
0
0
0
0
0
0
0
0
0
761
0
0
0
0
0
132
0
0
0
0
109
0
0
0
0
0
0
0
0
0
0
0
0
0
0
0
0
0
0
596
0
0
1245
647
0
0
0
0
0
454
0
385
0
0
0
0
0
0
139
0
0
0
0
0
0
0
0
0
0
0
1133
1001
0
0
0
907
0
0
0
0
0
0
0
0
0
0
0
0
0
0
0
0
0
0
0
0
0
0
0
0
0
0
547
0
0
0
0
0
0
0
0
0
0
0
0
0
571
0
0
0
0
44
0
0
0
0
0
397
0
1152
0
0
0
0
0
397
0
0
400
0
0
0
0
782
0
0
0
1237
0
0
0
452
0
0
0
0
0
0
0
560
0
0
0
0
591
0
0
524
0
617
0
0
0
0
0
0
0
0
0
0
0
0
0
0
0
0
0
860
0
0
0
0
0
0
0
0
0
0
0
0
351
0
0
0
0
0
0
0
0
0
0
0
0
472
0
578
0
0
0
0
0
633
818
1261
0
0
0
0
0
0
0
0
0
0
0
0
0
0
0
142
0
0
603
0
0
0
0
0
0
0
602
0
0
0
0
723
0
0
0
0
0
0
0
0
0
0
0
4
0
0
0
0
0
0
0
0
0
0
0
0
0
0
0
0
1209
447
0
0
0
0
576
0
0
0
0
0
716
0
0
0
0
0
0
0
966
677
503
0
0
0
183
0
892
6
0
0
0
0
0
0
0
0
522
1133
0
0
0
49
0
1048
0
188
0
0
1263
0
0
0
472
0
0
0
0
0
197
0
0
0
0
0
0
0
0
0
0
0
0
0
0
0
0
0
0
0
0
576
0
0
916
60
139
0
0
0
0
0
718
0
1184
0
140
0
0
0
0
0
0
0
0
0
0
0
0
0
0
0
311
0
0
0
0
0
0
0
0
0
0
0
321
0
0
44
60
0
0
0
761
810
110
0
1154
0
0
0
0
0
600
432
473
0
0
0
0
661
0
0
0
0
0
0
0
0
0
0
0
399
0
0
0
0
0
0
0
0
0
0
0
0
0
0
761
0
0
0
0
0
0
0
0
247
1232
0
0
1242
150
0
0
0
139
0
316
0
0
0
0
0
818
0
0
0
0
0
0
0
82
0
0
0
0
0
0
576
0
0
514
0
0
0
76
69
0
0
0
0
0
0
872
1214
0
0
205
0
0
0
0
0
0
388
0
0
0
0
1263
0
0
0
0
0
61
0
0
0
0
0
0
0
914
0
0
0
225
0
0
0
0
592
0
0
0
0
0
0
0
1095
1164
0
0
0
44
0
0
0
0
0
0
1086
0
254
0
0
0
799
0
0
0
89
0
0
0
0
0
0
0
0
0
0
291
0
0
0
0
0
0
0
0
0
0
0
0
0
104
0
0
253
1200
0
859
1130
0
0
0
0
0
0
0
0
0
0
0
0
1132
0
0
0
0
139
460
0
0
0
0
0
0
0
0
0
405
0
0
0
0
0
0
0
0
140
0
0
0
0
0
0
0
0
0
0
0
0
0
0
0
0
762
230
0
680
0
0
0
0
0
0
0
0
0
0
0
0
0
0
1065
0
941
1130
0
0
0
0
0
0
0
0
0
1232
0
0
0
0
0
0
0
0
742
218
0
0
0
0
0
1161
0
70
0
422
0
613
0
0
578
0
0
0
0
0
0
0
0
0
818
0
0
578
0
817
0
0
0
0
0
0
0
0
0
0
0
0
0
0
0
0
0
859
0
0
1053
0
0
0
0
0
1243
0
0
0
0
0
0
0
0
0
0
0
0
1042
0
460
0
0
0
0
301
431
0
0
0
0
477
0
0
0
0
0
0
0
6
0
0
0
0
786
0
0
1165
0
0
0
0
0
0
0
0
0
0
0
0
0
0
0
0
1121
0
0
0
0
0
0
0
0
0
0
0
44
0
0
0
1018
0
0
0
619
379
0
0
0
0
799
0
25
151
0
0
0
0
0
0
0
0
0
0
0
587
0
0
576
1201
0
0
0
0
0
0
0
0
0
0
0
0
0
0
0
0
0
0
0
1251
818
62
0
0
0
0
0
0
0
0
0
0
796
0
0
0
0
0
0
0
0
0
0
0
0
0
0
0
0
0
0
0
0
0
0
0
813
779
0
0
358
663
0
0
0
0
0
0
0
0
0
0
0
0
521
0
0
990
521
0
0
1135
0
1268
0
826
0
0
742
0
0
0
0
0
0
0
0
0
0
0
545
0
0
0
0
0
0
1214
0
0
399
0
610
0
578
0
0
0
0
0
0
613
0
617
0
1230
0
0
0
0
457
0
0
0
0
0
0
22
0
627
0
0
0
0
0
0
1241
0
0
0
0
0
0
0
0
0
0
0
0
183
0
1134
271
0
0
709
0
0
0
0
0
0
0
0
0
0
0
0
0
0
0
0
0
0
0
0
0
0
0
0
0
6
318
0
0
0
0
0
0
0
810
332
942
0
0
0
0
0
0
0
0
0
0
992
0
0
0
0
1201
0
0
0
0
0
0
0
0
0
76
0
0
0
832
0
0
0
0
0
0
0
0
0
0
0
0
0
0
0
0
0
0
0
0
0
278
0
0
0
70
1222
1152
0
950
0
0
0
0
0
0
0
0
0
0
0
0
0
0
0
0
0
1242
0
0
182
0
0
0
0
0
1007
0
0
0
0
0
1133
0
0
0
0
492
0
0
0
0
0
0
0
0
0
0
0
0
1228
0
0
0
44
0
0
0
0
0
0
0
0
0
0
0
0
0
523
0
0
978
805
0
0
0
0
0
0
0
0
0
0
1230
0
0
0
0
0
0
0
0
0
0
0
0
0
0
0
0
0
826
0
0
742
0
0
0
0
0
0
0
399
0
0
961
0
0
481
0
0
0
0
0
0
0
0
1159
0
0
0
508
0
0
0
0
0
189
1122
0
0
0
0
0
0
0
0
0
761
0
624
0
0
1202
0
0
0
0
0
0
0
0
0
0
0
545
447
0
0
0
0
0
0
140
0
0
0
0
0
0
0
0
0
0
0
0
0
0
0
400
0
0
0
0
0
0
719
0
1134
0
780
0
0
0
0
0
0
0
0
0
0
0
1273
0
0
338
0
0
1261
0
0
0
0
0
0
0
0
0
0
0
822
0
0
832
450
0
0
0
0
0
0
0
0
0
215
0
0
0
183
0
0
0
0
0
0
0
0
0
0
0
361
0
0
0
0
936
0
0
0
0
0
0
0
0
932
0
0
0
0
779
0
0
613
0
0
0
0
0
0
0
0
0
0
1073
0
0
0
0
0
207
382
0
0
0
0
0
0
0
0
0
0
0
0
0
0
796
0
0
0
0
0
0
0
1133
0
0
0
0
0
0
0
0
0
0
1130
397
0
269
818
0
0
0
0
0
399
835
0
0
0
0
0
0
0
0
0
0
0
0
0
0
0
0
0
0
0
0
0
0
0
734
0
0
0
0
0
978
0
0
0
0
0
0
0
0
0
0
0
617
0
1076
0
0
1144
0
0
0
0
0
0
0
0
0
0
0
0
0
0
0
0
374
1038
0
61
0
0
0
470
0
0
0
0
0
0
0
0
867
0
0
0
0
0
432
731
0
0
0
0
677
0
0
142
0
0
0
0
0
1068
0
1061
0
0
0
204
0
0
0
0
0
0
0
0
61
359
0
0
1133
0
0
0
0
0
0
0
0
0
0
0
0
0
0
0
0
0
0
38
0
0
433
0
0
0
0
0
0
0
0
0
244
0
186
0
0
0
0
0
0
0
89
0
0
0
0
0
0
0
0
0
726
0
0
0
1158
0
0
0
0
0
0
0
0
0
0
0
0
0
0
176
0
0
0
0
0
0
727
0
0
0
0
0
0
0
0
0
0
0
0
0
0
0
0
0
0
27
387
0
0
0
32
0
0
318
0
0
0
0
0
0
0
577
0
0
0
0
0
0
25
0
0
0
0
0
1134
0
0
0
0
0
1152
0
0
0
0
0
0
139
0
0
0
0
0
0
0
0
514
0
739
737
0
0
0
0
456
0
0
0
0
0
0
0
0
653
0
0
0
0
109
0
0
0
0
0
0
0
0
1117
1008
0
0
397
0
0
0
1261
0
0
0
0
0
0
0
0
0
0
0
0
1243
0
0
0
0
0
797
0
0
0
195
0
0
0
393
0
662
0
0
807
0
0
0
0
6
0
0
0
882
0
0
0
0
0
0
0
0
0
0
0
0
0
0
0
0
0
0
0
0
0
1244
0
0
0
602
818
0
521
0
0
425
0
0
0
0
1209
0
0
0
0
889
399
1152
0
908
0
0
0
0
0
0
0
0
0
0
0
0
0
0
801
0
0
0
0
0
0
252
0
0
0
0
0
0
1163
0
0
818
0
1054
0
0
0
0
0
0
0
0
0
0
0
1228
0
0
0
0
0
0
0
0
0
0
0
324
0
0
0
460
0
0
0
0
0
0
460
0
60
0
0
0
834
0
0
0
765
376
0
0
0
0
0
0
0
0
0
0
0
0
0
0
0
0
0
442
0
0
0
0
400
0
0
1179
0
0
4
546
0
516
0
617
0
0
633
0
843
0
0
0
0
0
0
0
808
65
0
0
0
0
0
0
1222
0
553
0
933
0
0
0
450
0
997
0
447
255
0
0
0
0
759
0
0
1133
0
0
0
931
0
0
0
0
44
0
0
0
0
0
0
0
0
0
0
571
0
0
0
0
0
67
0
0
475
0
0
0
0
389
0
0
0
0
0
513
0
373
0
0
796
0
0
0
0
0
178
796
0
0
602
0
0
0
0
60
0
0
0
0
0
0
0
0
0
0
0
0
796
0
541
0
0
764
1180
0
0
0
0
0
0
0
0
0
0
578
69
791
0
0
0
0
0
0
0
0
756
0
800
720
0
0
0
0
0
0
0
0
0
617
0
0
0
0
0
0
0
0
980
0
0
634
0
0
0
0
0
0
940
0
6
0
0
0
0
0
0
0
0
0
0
0
0
0
0
0
0
60
0
0
0
0
0
0
0
0
0
0
0
0
0
0
0
397
0
0
0
0
0
0
0
0
0
0
0
942
1261
4
0
0
0
0
0
0
0
0
0
0
0
0
0
0
0
1018
0
1228
0
472
0
365
958
0
0
0
602
0
0
942
0
0
0
0
0
1171
0
0
0
245
463
279
0
0
0
0
0
0
0
0
0
1228
406
942
0
0
0
0
0
0
0
0
0
0
0
0
0
0
0
0
0
0
0
0
0
1054
0
0
0
0
0
0
0
0
0
0
0
0
0
622
0
0
0
0
774
0
0
0
0
0
0
0
0
0
0
0
0
0
953
0
0
0
0
0
0
0
0
0
0
0
0
0
0
0
0
0
0
1212
0
0
0
0
0
1203
0
0
0
621
0
0
0
0
0
0
0
0
0
0
0
0
0
0
0
0
0
0
472
0
0
0
0
796
0
0
0
0
1161
539
993
0
0
0
0
457
221
0
0
0
0
0
0
600
0
0
0
0
0
0
1113
617
0
1047
0
927
0
0
0
0
0
0
0
0
0
0
0
0
61
0
0
799
0
0
0
0
0
0
0
0
0
0
0
799
0
0
395
0
0
0
0
0
1026
79
0
0
633
0
0
0
0
535
0
442
0
0
0
112
0
0
0
0
0
0
507
0
796
0
0
0
0
0
1261
44
4
0
0
1010
0
622
0
1107
0
0
0
0
0
0
0
0
0
0
1054
1152
0
0
0
0
44
0
0
0
0
569
0
0
0
0
0
0
0
0
143
0
0
0
0
0
0
0
0
0
0
736
460
0
0
442
0
0
848
0
0
0
0
0
0
0
0
110
0
0
0
0
0
0
0
0
0
0
0
0
0
0
0
0
0
0
0
0
0
0
0
0
0
0
0
0
0
0
0
0
0
0
0
0
0
0
260
0
0
0
0
317
0
0
0
0
0
0
0
0
0
0
472
0
0
0
0
0
0
699
0
0
310
0
0
0
0
0
0
0
0
0
0
578
0
0
0
963
0
0
0
0
1247
0
0
0
0
0
0
124
0
0
0
0
0
0
0
20
0
60
0
0
0
0
0
0
0
107
0
0
0
0
0
0
0
0
1132
0
0
0
0
190
0
0
0
0
0
0
0
0
0
799
0
0
0
897
0
0
0
0
0
0
0
0
0
0
0
0
0
0
0
0
0
958
0
0
0
0
26
0
0
0
857
0
0
0
0
999
472
0
0
345
0
0
0
0
0
0
0
0
0
624
0
0
0
0
0
0
0
0
0
0
0
0
0
0
0
0
0
0
0
0
0
0
0
0
0
0
1125
0
6
0
0
0
0
0
0
0
0
0
0
0
0
0
0
0
0
0
0
0
0
0
0
423
0
0
0
0
0
0
1152
0
0
0
0
833
796
0
0
1247
0
935
0
668
0
0
1239
0
0
0
0
0
0
0
1243
0
0
170
0
690
0
0
0
0
0
0
0
0
473
0
0
0
0
0
0
617
0
796
0
0
0
0
0
0
0
0
0
0
0
0
0
0
0
0
0
0
0
297
0
0
0
0
0
0
0
44
0
0
0
0
0
801
1152
0
0
0
0
0
0
0
0
0
0
0
0
0
0
0
0
0
865
1132
0
174
0
0
0
0
0
0
932
201
49
0
0
0
0
0
613
0
0
0
0
0
0
0
1217
0
0
0
0
1152
847
0
0
0
0
0
0
0
0
0
0
0
0
0
0
617
0
0
0
0
0
0
0
0
0
0
21
0
0
0
0
0
0
0
0
0
0
0
0
6
0
0
0
796
0
0
0
432
0
0
0
0
0
0
0
37
0
0
0
0
0
0
0
0
0
59
0
634
0
0
0
416
0
0
0
0
0
0
927
0
0
0
0
0
0
0
0
613
0
0
0
0
1211
0
0
0
0
0
0
0
0
0
0
1150
0
0
799
0
0
0
0
0
0
0
0
0
0
0
0
657
825
0
0
0
0
0
0
0
0
1041
129
0
0
0
1133
0
957
0
0
0
0
0
0
810
0
0
0
0
0
0
0
1094
0
0
0
0
462
0
0
0
0
0
0
796
0
0
0
0
0
0
0
0
0
0
0
0
0
0
0
0
0
0
0
488
0
61
0
0
0
0
0
0
0
0
61
0
0
0
0
0
0
0
61
0
0
0
0
0
0
0
0
0
817
0
0
0
0
0
0
0
0
33
0
0
0
76
0
0
0
0
0
0
0
0
0
143
0
0
816
1213
0
0
0
0
0
0
0
862
0
0
0
0
0
267
0
227
287
0
0
0
0
0
0
0
1228
44
927
0
0
318
0
588
0
0
0
1143
0
0
0
0
0
617
1134
0
0
0
0
114
0
0
0
0
183
0
0
0
0
0
0
0
0
0
617
0
676
0
0
0
0
0
0
0
0
44
0
0
0
799
0
0
0
0
0
257
799
1132
0
0
0
0
0
0
0
0
0
0
0
0
0
0
0
0
0
0
0
0
818
0
0
879
0
0
0
0
0
0
0
0
0
518
0
0
0
0
0
432
0
0
0
0
956
0
0
0
4
0
0
399
0
0
0
0
0
0
0
0
0
0
0
0
0
0
0
589
0
768
0
0
0
543
0
0
820
0
0
0
0
0
0
0
0
447
0
0
0
0
0
0
0
0
0
0
0
0
0
795
0
0
0
386
0
0
0
0
0
0
0
0
0
0
0
0
399
0
442
0
0
0
0
0
0
0
0
0
0
0
0
0
0
0
843
458
0
0
0
0
1131
0
0
0
53
0
0
0
0
0
0
0
0
0
0
0
0
0
617
857
156
0
0
0
0
818
0
0
981
0
0
0
0
0
0
0
0
0
0
0
0
0
0
0
0
0
0
0
0
0
0
0
0
0
1226
66
0
0
0
1252
0
0
0
0
0
0
0
0
0
0
0
989
0
0
0
0
0
0
0
0
0
0
0
0
0
0
0
489
0
748
928
0
0
0
0
0
0
0
318
0
0
0
986
0
0
1154
0
0
0
0
0
0
0
0
0
0
0
1152
942
0
0
0
550
0
0
0
0
0
0
0
0
0
1188
0
0
0
0
0
32
0
0
0
0
0
0
0
0
0
0
0
0
0
24
0
0
765
0
0
0
0
0
44
0
0
479
0
0
0
0
0
1031
0
0
194
0
866
261
0
0
0
0
0
183
0
0
0
0
0
0
824
0
0
0
0
0
0
0
0
0
309
0
613
958
0
0
761
0
155
0
79
0
0
0
0
0
297
0
0
0
0
0
0
0
1247
0
0
0
0
761
0
0
0
163
0
0
0
0
447
0
0
0
0
0
0
0
183
0
0
0
0
0
1261
0
0
0
0
0
0
0
796
0
0
0
611
0
0
0
0
799
0
0
0
0
332
0
0
6
0
0
0
0
0
0
0
977
0
0
0
0
0
158
0
0
0
0
0
0
0
0
0
0
81
0
0
0
0
0
0
0
0
0
602
0
0
0
0
0
0
0
0
0
0
0
572
0
0
41
0
0
0
0
0
0
0
0
0
0
0
0
0
0
0
0
0
0
0
0
0
0
0
0
0
0
0
0
0
0
0
0
0
0
0
0
0
0
0
0
0
0
61
0
1018
0
0
1133
752
0
0
0
0
0
0
472
0
0
0
0
0
0
0
818
0
0
2
0
0
0
633
0
0
0
0
0
796
0
0
0
409
0
0
0
0
0
0
0
0
0
829
0
0
0
0
0
0
0
0
0
0
0
823
772
0
0
0
0
0
0
44
799
139
0
0
0
0
0
0
1230
0
0
0
0
0
615
0
0
0
353
0
0
0
1191
0
0
0
0
0
0
0
0
0
0
0
0
0
0
31
0
578
0
0
0
0
0
0
0
1082
0
0
0
0
826
0
0
0
0
0
0
287
1188
0
472
0
0
0
0
0
0
0
0
0
0
0
0
0
0
0
480
0
0
320
0
0
0
0
0
302
0
0
0
0
0
0
0
0
0
891
775
0
0
0
0
617
841
0
753
139
0
0
810
383
1124
0
0
1162
0
228
372
1055
0
109
0
0
0
0
0
1228
0
0
0
0
0
1266
0
0
0
0
0
0
779
0
0
0
0
0
0
0
0
0
0
0
0
0
0
0
0
0
0
0
957
0
0
0
0
1041
1152
0
0
375
0
0
0
0
600
0
0
0
0
1215
0
0
0
0
0
0
1018
0
0
809
0
0
1133
0
0
0
0
0
0
0
1152
0
0
777
634
0
0
0
0
0
0
0
967
0
0
0
0
0
858
0
0
0
0
0
0
0
0
0
0
0
0
0
0
0
0
0
0
0
0
0
0
0
0
0
0
0
0
0
0
0
0
0
0
0
0
0
0
819
1233
0
0
0
0
0
0
0
0
0
0
0
576
0
0
0
0
0
0
0
0
0
0
0
0
0
0
0
143
0
0
0
0
0
1270
0
0
0
0
0
0
0
0
633
831
0
0
0
0
0
633
0
0
0
0
0
0
0
0
0
0
203
0
0
0
0
0
0
0
799
0
0
0
47
0
0
0
579
0
0
0
0
0
0
0
0
0
0
0
0
0
0
924
0
0
0
0
0
0
0
0
0
0
0
0
0
0
0
534
0
0
0
1243
0
0
0
0
0
0
0
0
0
0
0
0
0
0
0
0
0
0
0
0
0
0
0
0
0
0
0
0
0
0
0
1188
1013
597
1243
485
0
0
0
0
0
0
0
1083
143
0
0
0
0
238
0
0
0
0
0
0
0
0
790
0
0
0
0
1218
0
0
0
0
0
0
0
0
1261
0
0
0
0
0
0
0
0
0
0
0
0
0
748
0
105
0
0
0
0
942
0
0
0
0
0
1016
0
0
0
837
0
569
0
0
0
0
0
0
0
0
0
0
0
0
0
0
0
0
0
0
0
0
512
0
0
0
0
0
0
1232
0
0
60
0
0
0
0
0
0
0
0
0
0
1261
0
0
0
0
0
0
0
0
0
0
0
0
331
0
0
1149
0
0
0
0
0
0
0
0
0
0
110
1172
0
0
0
0
0
638
0
0
600
0
0
0
0
0
0
0
0
0
0
0
0
0
0
1212
799
1132
0
61
796
0
0
0
928
0
0
0
0
0
0
0
0
0
0
0
0
0
0
0
0
0
0
0
0
0
0
0
0
1160
0
0
0
0
1135
478
0
443
0
590
0
0
0
0
0
613
0
827
0
0
0
0
0
0
0
0
0
0
0
0
0
0
0
0
0
0
0
0
0
0
0
0
69
0
0
0
0
0
472
0
44
0
0
0
840
0
0
0
1261
0
844
445
0
0
0
0
0
0
0
0
0
0
0
0
0
0
0
739
0
0
851
742
0
0
131
0
0
0
59
0
635
1133
0
0
0
893
0
600
0
633
976
0
0
0
44
1152
44
0
0
822
0
0
0
0
0
0
0
0
0
0
0
0
0
0
0
0
0
0
0
0
44
0
0
0
0
397
0
0
0
287
0
0
0
0
0
0
0
0
1125
547
0
0
0
0
0
0
0
0
0
0
0
1243
0
0
0
0
1267
0
0
1228
0
0
0
109
0
0
0
0
613
0
0
0
1243
0
0
0
0
0
0
6
0
928
139
0
648
1151
0
0
0
0
47
0
0
0
0
0
0
670
0
0
0
0
0
0
0
0
0
0
0
0
0
626
0
0
0
0
0
788
0
0
922
0
0
0
0
617
0
0
0
0
0
0
779
0
0
10
159
0
0
978
0
0
0
0
0
0
0
0
0
0
0
0
0
0
0
0
0
0
0
0
0
0
0
0
0
6
0
0
0
0
0
0
0
0
0
0
0
0
0
0
934
0
0
0
0
0
0
0
0
0
1254
0
4
0
0
0
472
0
0
0
0
0
139
0
0
0
0
0
0
0
0
0
440
1022
0
0
0
0
0
0
0
0
0
0
0
0
0
0
677
0
0
0
596
0
0
0
0
0
359
0
0
0
0
0
0
0
0
0
0
0
0
0
0
0
0
0
0
885
0
0
0
0
0
0
0
0
0
0
0
0
0
0
0
1082
0
467
0
0
0
0
0
0
481
0
0
0
0
0
0
0
0
0
0
0
0
0
672
1257
0
0
0
0
0
0
0
0
0
0
0
0
0
640
0
0
0
0
0
0
0
0
0
0
0
0
0
0
0
0
41
0
0
0
0
0
0
0
0
417
697
0
0
0
633
635
0
0
0
1036
0
0
0
0
1183
0
223
0
0
60
0
0
0
0
0
0
0
0
333
0
0
0
0
0
0
0
0
775
0
726
0
450
1249
0
0
0
0
0
0
0
0
0
514
0
400
0
0
0
0
0
0
237
0
0
0
0
0
0
0
0
0
0
0
0
0
0
94
0
0
0
799
0
0
0
0
0
0
0
0
0
0
0
0
0
0
29
796
0
643
0
0
818
0
0
0
0
796
0
799
0
0
0
0
0
942
117
0
0
1152
0
0
0
0
0
0
0
0
0
0
0
0
0
658
0
0
617
0
0
0
0
0
0
0
0
0
0
0
1015
0
0
0
0
0
0
0
978
0
0
0
6
1188
0
121
0
0
70
0
0
0
1018
0
0
617
63
0
0
0
0
0
0
0
0
0
0
761
0
354
0
0
0
0
0
472
0
683
0
0
0
0
0
0
0
0
0
122
0
0
0
815
0
0
0
0
0
0
0
0
0
0
796
0
0
0
127
0
0
0
6
0
0
0
0
0
0
0
0
0
0
0
0
0
0
0
0
0
0
0
0
0
0
0
0
617
100
0
0
0
0
0
0
0
0
0
0
633
0
0
0
0
0
0
0
0
0
0
0
0
0
0
0
862
0
0
306
0
0
0
0
0
0
792
0
0
633
0
0
1071
0
0
0
0
0
350
0
819
0
0
0
0
0
0
0
0
674
0
0
0
460
0
0
0
0
472
0
1191
0
785
0
0
0
0
0
0
0
0
0
0
0
0
0
0
928
0
213
0
0
1162
0
0
0
1133
677
537
0
61
0
0
0
1122
0
0
613
0
0
228
0
0
0
207
796
0
0
0
0
0
0
0
0
0
0
1247
0
0
0
288
0
958
617
0
0
0
0
0
0
0
0
0
810
0
0
0
0
0
0
0
873
0
0
0
0
0
0
0
0
0
0
0
617
0
0
0
0
0
864
0
0
0
0
0
0
0
280
0
145
0
561
0
0
0
0
1228
0
0
0
0
0
0
283
0
0
0
0
1219
0
0
862
0
303
1133
0
0
0
61
0
0
0
0
0
0
0
0
31
0
0
0
0
0
0
0
214
0
0
0
0
0
0
0
0
941
0
0
12
286
0
0
0
0
0
0
0
53
613
0
0
521
0
0
33
0
0
0
0
0
0
0
0
0
0
0
0
0
0
0
1027
0
0
0
0
0
0
0
604
0
0
0
0
0
0
0
0
0
799
0
0
0
1177
0
0
0
0
0
0
578
0
0
0
164
0
0
0
0
0
0
0
1133
886
0
0
0
0
0
297
68
0
442
0
1152
0
0
0
0
0
0
0
0
0
0
1133
0
0
0
0
633
0
0
0
0
0
0
0
0
0
0
0
1170
0
0
0
843
0
0
0
0
0
0
0
0
0
0
0
0
0
304
0
0
0
0
0
0
1233
0
0
0
0
0
978
0
69
6
0
1228
0
0
0
0
0
0
799
0
0
0
0
0
542
580
836
0
0
0
0
0
0
633
26
0
0
0
0
0
0
0
0
0
0
0
32
0
0
0
125
0
0
0
0
0
0
0
0
0
0
0
0
0
818
0
0
997
0
0
0
0
0
0
0
0
796
0
0
0
744
0
248
0
0
732
0
0
0
616
0
0
0
0
13
430
0
0
0
796
143
1192
0
0
0
0
0
0
0
0
0
0
0
0
0
0
0
0
1134
0
0
0
0
0
0
0
0
0
0
0
694
0
1069
0
0
0
796
0
0
0
6
0
0
0
0
0
0
959
0
0
287
0
0
762
0
0
44
0
0
0
0
361
1014
763
0
0
0
0
0
0
0
0
0
0
0
0
0
0
0
0
0
0
0
0
0
0
0
0
0
0
0
0
0
0
0
0
0
0
0
0
341
488
0
0
0
0
914
0
0
744
0
0
0
0
0
0
236
0
0
0
0
743
0
0
0
0
0
0
0
1247
0
0
535
927
0
0
0
0
0
0
86
1018
0
0
0
0
0
0
0
0
0
0
0
0
0
0
0
0
0
0
0
0
0
69
31
0
362
0
0
0
0
0
0
0
0
693
0
0
0
966
617
0
0
805
0
0
0
0
411
0
0
1233
44
0
0
0
0
0
0
0
0
0
0
0
0
822
0
0
927
826
0
0
0
0
0
0
0
0
0
0
0
0
0
0
0
0
1239
742
0
0
0
0
0
0
0
0
0
0
0
0
0
0
0
0
0
1136
0
0
0
0
0
0
0
0
0
0
0
603
0
796
0
0
0
0
0
0
70
0
0
0
447
0
0
0
0
0
0
799
1152
928
0
0
0
0
0
0
0
0
0
0
0
0
0
0
0
850
0
0
0
0
0
0
0
0
0
0
0
0
0
0
0
0
0
0
0
0
0
0
0
0
0
0
0
0
0
0
0
399
0
0
0
0
0
0
595
3
0
0
0
0
0
0
0
0
0
0
0
0
0
1258
0
0
6
0
0
0
0
0
0
1239
0
0
0
0
475
0
0
0
0
0
0
0
0
0
0
0
0
0
1140
0
0
0
0
0
332
0
67
0
0
0
528
139
1152
0
1152
0
0
0
0
0
0
0
0
0
0
0
0
0
505
0
0
0
0
1137
0
453
0
0
0
0
0
0
0
0
0
0
0
0
0
0
676
0
0
0
0
0
0
0
0
0
0
0
0
0
0
545
0
0
0
0
139
44
0
0
0
0
694
0
0
0
249
822
0
0
0
0
0
1168
0
0
0
801
0
0
0
0
0
717
0
0
0
0
0
1059
119
0
0
0
0
0
0
0
0
0
0
0
0
0
0
0
0
1228
785
0
0
0
0
0
0
796
942
0
142
0
0
0
0
0
0
0
0
0
0
0
0
0
0
0
0
0
0
0
0
0
0
796
0
0
0
0
0
1043
0
0
0
0
44
0
0
0
1133
0
0
0
1253
0
0
0
796
0
334
335
0
0
0
0
0
0
0
755
978
0
0
0
0
1002
0
0
0
810
911
290
0
0
0
0
0
0
0
0
0
0
743
0
21
0
0
0
139
0
0
0
0
0
0
0
0
0
0
0
0
0
1056
0
0
0
0
0
0
0
0
0
0
0
1039
0
0
918
0
0
0
0
1123
0
0
0
7
0
0
0
0
0
0
0
0
0
0
0
0
0
0
0
0
0
67
0
0
0
0
0
0
0
0
0
0
0
0
0
0
0
0
0
0
0
0
652
0
0
0
0
0
0
0
818
0
0
0
390
0
0
0
0
0
0
103
0
1152
0
0
0
669
0
0
0
0
0
0
0
0
0
0
0
0
0
608
0
0
0
0
0
0
0
844
0
0
608
0
0
0
0
0
0
0
0
0
0
0
0
0
55
0
1134
0
600
591
943
0
0
0
0
0
0
0
0
0
0
274
0
0
0
0
0
0
1008
0
0
0
0
0
0
0
0
0
0
0
0
0
0
0
0
0
0
0
0
441
0
0
0
0
0
0
0
0
0
1
0
0
0
0
0
0
0
0
0
0
591
0
0
0
0
0
1165
0
0
0
0
0
0
0
0
0
0
0
0
0
0
0
0
0
1133
0
927
0
0
64
0
0
0
0
0
0
0
0
0
0
983
0
0
0
0
0
0
0
0
273
0
0
0
0
0
0
0
0
0
0
0
0
818
0
0
0
0
0
0
0
0
0
0
0
71
0
0
143
0
0
122
0
1067
0
0
343
0
0
0
0
0
0
0
0
0
0
0
0
0
0
0
0
619
0
0
0
0
0
0
0
0
0
0
0
0
0
0
0
1004
0
0
0
0
0
0
0
1265
0
0
0
0
919
0
0
0
0
0
617
0
0
0
216
0
0
0
0
0
0
0
0
0
0
0
0
0
0
0
0
1100
0
0
0
0
0
0
0
0
0
0
139
617
0
0
0
0
0
0
0
946
0
0
0
0
0
0
796
0
617
0
0
0
0
0
0
0
0
0
0
0
0
451
0
1129
1152
0
0
0
0
617
0
0
1165
0
0
0
0
0
617
0
0
0
629
1133
0
0
0
0
0
397
0
0
0
1261
0
0
0
0
0
0
0
0
0
0
0
0
0
0
0
0
61
0
0
0
0
41
0
0
0
0
0
617
0
0
0
0
0
1228
0
600
0
0
0
0
0
0
0
0
0
0
0
0
0
0
0
0
0
0
0
743
0
0
0
0
0
0
738
0
0
0
0
0
0
0
0
633
0
0
0
0
0
0
856
0
0
0
44
0
0
0
358
0
1228
0
0
0
0
0
0
0
0
0
0
1073
0
0
0
0
0
0
0
0
0
0
0
0
0
0
0
0
0
0
1054
0
0
1152
0
0
0
0
895
0
0
1263
0
984
0
0
0
1235
0
169
0
0
0
0
0
1228
0
478
0
0
0
0
0
1074
0
251
0
0
0
0
0
0
70
0
0
0
1261
0
0
139
0
0
0
0
565
0
758
0
0
0
0
0
0
0
0
0
0
819
0
627
0
0
0
0
0
0
0
0
0
0
0
0
0
0
1133
0
0
0
0
0
0
0
617
0
0
0
0
0
0
133
1147
0
0
0
0
183
0
0
0
1090
0
0
0
1254
0
0
0
0
0
0
0
978
0
0
0
0
44
0
0
0
0
0
0
0
0
0
678
60
0
0
0
0
0
0
0
0
0
0
0
0
0
0
0
0
0
0
0
0
0
287
0
0
0
44
742
0
0
0
0
0
0
110
0
0
938
1011
0
0
0
0
0
0
0
0
0
0
0
1155
0
0
0
0
0
0
0
0
6
0
0
0
857
0
0
0
0
0
0
0
0
0
0
0
0
0
38
0
0
577
0
729
1264
0
0
0
1140
0
0
0
0
0
0
0
0
0
0
900
0
942
0
0
0
994
0
0
0
0
0
0
0
942
0
1152
0
0
0
0
0
0
0
0
1165
978
0
0
0
0
0
0
633
0
0
0
0
0
0
246
0
0
633
140
0
0
0
0
958
0
0
0
0
0
0
0
0
521
975
1243
0
0
0
0
0
0
0
0
0
0
0
0
0
44
0
0
0
0
0
0
0
47
0
0
0
0
0
0
0
0
0
0
0
0
0
0
70
0
0
0
0
0
0
799
0
0
462
0
0
0
0
0
0
774
0
0
0
0
0
0
0
0
0
779
0
0
0
0
0
0
663
0
0
765
0
6
0
0
0
0
0
509
0
0
14
0
655
0
0
750
0
0
0
0
0
0
0
0
0
0
0
0
0
0
0
0
0
0
0
0
0
0
0
0
0
0
0
1133
0
0
0
0
50
0
0
0
0
0
0
0
796
0
0
0
1243
0
0
0
0
0
460
0
0
0
0
0
0
0
0
761
0
287
398
0
0
0
437
0
0
0
0
0
0
0
0
0
0
0
0
0
0
0
0
0
0
0
0
0
0
0
0
0
0
0
0
0
0
0
0
0
0
0
0
0
0
0
0
0
0
784
785
0
0
0
0
0
0
0
0
0
0
0
0
0
617
142
0
442
0
0
0
0
0
0
0
0
1131
0
0
0
0
0
0
0
0
0
0
0
0
576
0
0
796
0
0
0
0
0
460
0
0
0
0
0
0
0
139
0
0
0
0
0
75
0
0
0
0
0
0
0
0
434
0
0
0
0
0
0
0
262
0
0
0
0
0
0
0
0
139
0
0
0
0
0
0
311
0
0
0
0
0
0
0
0
0
0
0
0
0
0
0
0
0
0
927
0
0
0
0
0
0
0
0
0
0
0
0
0
0
0
0
1158
0
0
0
0
0
0
0
0
544
541
0
0
0
0
0
1243
0
0
6
0
0
0
0
0
0
0
0
0
0
0
0
264
0
0
0
0
0
0
0
0
0
0
0
0
0
0
0
0
366
830
32
818
0
32
958
0
0
0
0
0
0
0
0
0
0
0
0
0
0
0
0
0
0
0
0
0
0
0
486
758
0
0
0
0
0
0
0
0
613
0
955
0
0
0
0
1228
0
0
0
928
0
0
828
510
1243
0
0
0
0
700
0
0
0
0
0
0
0
0
0
0
1133
0
0
0
939
0
0
0
0
0
862
0
0
63
0
442
0
0
0
0
0
0
0
0
0
0
1161
0
0
0
0
0
0
0
0
0
0
0
0
0
0
0
0
0
0
0
0
0
0
0
0
0
0
0
1133
0
0
0
0
0
0
0
0
0
0
0
514
0
0
0
0
1091
0
0
0
0
0
0
0
0
0
0
0
0
0
250
0
0
0
0
0
0
0
0
0
0
779
0
0
1200
0
761
0
0
0
0
84
1152
0
0
0
0
718
810
1152
0
0
0
0
0
845
0
0
0
0
0
0
0
110
1109
0
0
0
0
0
617
576
0
0
970
0
0
0
0
0
0
0
0
61
0
0
0
403
0
1165
0
0
634
0
0
0
97
0
0
823
0
1152
292
0
0
0
0
0
0
0
568
0
0
0
0
799
0
0
0
0
0
0
0
0
0
344
0
0
2
0
0
0
0
0
0
0
0
102
0
0
0
1122
442
0
0
0
0
0
0
0
872
0
0
0
0
0
0
0
0
0
796
0
0
531
0
6
0
0
0
0
0
0
929
0
0
0
1018
0
0
1133
0
0
0
0
438
0
0
0
0
0
0
0
0
0
0
0
0
635
0
0
0
0
0
0
0
0
0
0
0
0
0
0
72
0
318
440
0
0
0
685
0
0
0
0
0
0
0
0
0
0
1261
0
0
0
0
0
0
765
0
0
0
0
0
799
0
0
982
0
0
0
0
0
0
0
0
0
0
0
0
0
0
0
0
927
0
44
0
970
0
0
0
0
0
22
0
0
0
0
0
0
0
0
0
0
0
0
0
0
0
0
0
0
0
0
0
0
0
0
0
0
0
0
0
0
0
0
0
577
0
0
0
0
1228
0
0
0
796
1228
838
1255
0
0
0
0
1085
0
775
0
0
0
0
0
0
0
0
0
472
0
0
0
0
0
0
0
796
0
0
535
613
0
0
0
0
0
0
0
454
793
0
0
0
0
0
801
1046
0
0
0
1057
1261
0
0
0
0
0
0
0
0
636
0
688
0
0
0
60
0
0
197
0
0
799
1125
0
0
0
0
0
0
0
0
0
0
0
695
241
0
0
0
0
0
1240
0
0
0
0
0
0
0
799
0
1165
0
958
0
0
0
0
0
0
332
0
0
0
1224
0
0
781
241
0
1152
0
0
0
617
0
0
0
0
0
0
0
0
0
0
0
0
0
0
0
0
381
0
0
0
0
0
0
85
0
0
0
0
0
0
0
0
181
0
0
0
0
0
0
0
0
0
0
613
0
0
0
0
0
0
0
0
0
0
0
0
0
1052
0
0
0
0
0
0
0
0
0
0
0
0
958
0
0
0
0
0
0
796
826
0
0
0
0
0
602
0
0
0
0
0
958
0
0
0
0
1241
0
0
1140
0
0
0
0
0
0
0
0
1118
0
1201
0
0
0
0
0
0
0
0
0
0
0
149
692
0
0
0
0
0
0
0
0
0
0
0
0
0
0
0
0
0
0
0
816
0
0
528
0
0
0
0
0
0
0
0
0
0
0
0
0
0
0
0
0
0
677
0
70
0
0
0
0
0
0
0
0
0
799
0
0
0
0
1241
0
0
0
0
0
749
207
0
0
0
0
0
0
0
726
0
171
0
613
0
0
899
0
0
0
0
0
0
0
0
447
0
0
0
0
0
0
0
0
0
578
123
779
0
167
0
0
0
318
266
0
0
460
0
0
0
0
0
862
0
0
0
0
0
0
0
1133
0
0
0
0
0
310
942
0
0
0
0
0
0
0
0
0
0
287
0
0
0
0
0
0
0
0
1261
0
0
0
0
0
0
0
0
1025
460
1107
0
0
0
0
0
0
707
0
0
0
0
0
0
0
1054
0
0
0
0
0
0
0
0
0
0
1239
0
188
0
0
0
0
0
0
0
0
0
0
0
0
466
0
0
0
0
0
0
0
0
0
0
0
0
0
0
0
0
0
0
0
0
0
0
0
399
142
0
0
0
0
0
0
0
0
67
0
0
0
0
0
591
0
0
0
0
677
0
0
0
0
0
0
0
44
0
0
0
876
0
0
0
0
0
0
0
0
0
1133
0
0
0
0
0
0
0
0
0
0
739
0
0
635
0
0
0
0
0
0
0
0
0
806
0
0
0
0
0
0
0
0
60
0
0
0
0
0
0
575
972
0
0
0
0
0
44
0
0
0
0
0
0
799
67
0
0
0
0
0
0
0
997
0
0
0
0
0
0
0
0
0
0
0
0
0
0
0
0
435
0
0
0
0
0
0
0
1226
0
0
0
0
0
0
0
0
0
0
0
0
383
0
0
0
0
581
0
0
0
0
0
0
0
0
0
0
0
0
0
0
0
0
0
0
599
796
0
0
0
0
0
18
0
0
0
0
0
0
406
0
0
0
1243
0
0
0
1261
633
0
0
0
0
0
0
633
0
0
0
0
0
0
0
0
0
0
796
0
0
0
0
0
0
0
0
0
531
0
0
799
0
0
0
0
397
298
0
0
0
0
0
0
0
0
0
0
0
0
0
0
0
0
0
0
0
0
0
0
0
0
0
0
0
0
0
0
0
794
0
0
0
958
0
0
0
1133
0
0
785
617
396
0
0
0
0
259
0
0
0
0
0
0
1152
0
0
89
0
0
0
0
0
0
0
0
0
0
0
0
0
0
6
0
0
0
0
0
0
0
0
0
0
0
0
0
0
1261
87
0
0
44
0
0
1243
0
0
0
0
0
0
0
0
0
0
0
44
0
0
0
0
0
0
0
0
1017
0
0
0
0
0
0
0
0
429
0
0
0
0
0
0
0
0
0
0
206
0
0
0
962
0
0
0
0
0
0
0
0
1260
0
158
0
0
0
0
0
0
0
0
0
0
0
0
0
0
399
0
0
0
4
0
0
0
0
0
180
0
0
436
0
0
0
0
0
0
0
0
0
0
0
0
0
0
0
0
0
0
826
0
0
0
0
0
0
0
60
60
0
0
0
0
0
0
0
0
0
0
0
960
0
0
0
0
472
0
0
0
383
1152
0
711
0
0
0
0
400
0
0
0
0
0
0
0
0
0
0
810
0
0
0
0
0
0
0
0
0
44
0
0
0
0
0
0
0
1200
0
0
0
0
0
0
0
0
928
0
0
70
0
0
0
472
0
665
0
0
0
328
0
0
460
0
0
0
745
0
0
0
0
0
1228
0
0
0
67
0
0
0
0
0
1133
0
0
0
0
0
0
0
0
0
0
0
0
0
883
0
0
0
0
0
0
0
933
0
0
0
878
322
0
0
0
0
0
0
0
1228
0
0
0
0
0
0
559
0
0
0
0
445
0
0
1204
0
0
0
0
0
0
0
0
0
0
6
0
0
0
0
0
0
1152
0
0
0
0
0
0
0
0
535
0
0
0
0
0
818
0
0
0
192
0
1093
0
536
0
0
0
0
0
0
0
0
0
0
0
0
0
0
1073
48
0
154
0
0
0
0
0
0
996
0
0
0
0
765
0
796
0
0
0
242
1152
1243
1198
0
0
0
0
0
0
0
0
0
0
0
0
0
0
139
0
0
0
0
0
0
0
0
0
0
0
556
233
0
0
0
0
0
0
0
0
1263
0
0
0
6
0
0
0
0
0
861
0
0
0
0
0
0
0
0
0
0
0
0
0
0
0
0
0
0
0
128
0
0
0
0
0
0
0
543
0
0
0
0
818
0
0
443
0
0
0
0
0
0
0
0
0
0
0
0
0
0
0
1190
0
0
0
0
0
0
0
0
0
0
0
0
0
0
468
0
0
0
0
0
574
0
0
0
0
1152
0
0
0
0
0
161
0
0
0
0
0
0
0
0
0
0
0
0
0
0
0
0
0
1228
830
0
659
0
0
0
578
0
0
0
0
0
0
671
0
0
0
1223
0
810
0
0
0
0
0
0
0
0
0
0
0
0
0
0
0
0
0
0
0
0
0
0
0
0
0
721
0
0
0
0
0
1140
0
965
73
0
0
0
0
0
0
0
0
0
0
0
0
0
0
772
0
0
0
0
0
0
0
0
0
0
617
0
0
0
0
0
0
0
0
483
0
0
0
0
0
0
0
930
0
0
0
1090
0
447
0
368
0
0
0
61
0
0
761
0
0
0
61
0
0
0
311
0
0
1264
538
0
0
0
0
0
0
0
427
0
706
0
0
0
0
0
392
0
0
0
0
0
0
0
0
0
0
0
0
0
0
0
142
0
0
0
0
0
0
0
1030
0
0
0
0
0
0
0
0
0
0
1133
0
96
0
0
0
0
0
0
0
0
0
0
57
0
0
0
0
0
0
0
0
0
0
0
0
0
0
0
1102
761
0
0
0
0
0
0
0
0
0
0
0
61
0
0
603
0
0
0
0
0
0
0
0
0
0
0
0
530
0
0
0
0
0
0
0
0
0
0
0
0
0
0
0
0
0
447
0
0
0
0
0
0
0
0
487
0
0
0
1000
0
0
0
0
1130
0
0
535
0
0
0
0
0
0
0
0
0
0
0
0
1018
0
0
0
70
0
0
0
0
0
0
0
0
0
0
0
0
720
0
0
0
0
0
0
55
0
0
0
0
0
0
0
0
0
0
0
0
742
0
0
0
498
0
0
0
0
0
0
0
0
997
1148
0
0
0
0
0
0
0
110
0
0
0
0
0
0
0
0
964
0
0
0
0
0
0
0
0
0
1220
0
0
0
0
0
0
0
0
0
0
0
0
0
0
0
0
0
0
0
0
380
0
0
0
472
0
0
0
0
100
0
796
0
0
0
0
869
0
0
0
0
0
0
0
0
0
0
765
288
1237
0
0
1040
0
958
0
0
0
0
0
0
0
0
0
0
0
0
0
0
0
0
397
926
0
0
634
799
0
0
936
0
0
0
0
0
287
0
0
0
0
602
0
0
0
0
0
810
0
0
0
1079
0
0
0
0
0
0
0
871
0
0
0
0
0
0
0
0
32
0
0
0
0
0
0
0
0
0
0
799
0
796
0
0
0
0
802
0
0
0
0
0
607
0
0
574
485
613
139
0
0
0
0
0
0
0
0
0
0
0
650
0
0
0
0
0
67
0
0
958
0
160
0
0
0
0
0
1228
0
0
0
0
886
0
0
0
0
1227
0
0
0
0
0
0
0
0
0
0
0
0
0
0
0
1269
0
0
0
0
0
0
978
0
0
0
0
0
0
0
0
0
190
0
1133
0
0
0
0
0
0
0
0
0
0
0
1142
0
276
0
0
0
0
973
0
0
941
0
0
0
472
0
0
0
0
1261
0
0
0
0
0
0
0
1271
0
0
0
0
0
0
0
0
0
0
0
139
0
0
0
1261
0
0
0
0
0
0
0
0
0
1130
0
0
0
0
0
0
0
0
0
0
0
0
440
0
0
0
0
0
0
0
0
0
0
0
0
0
0
0
0
1152
0
0
0
0
0
0
0
0
0
0
0
0
0
0
0
0
0
0
0
0
0
0
0
0
0
0
0
0
0
0
0
0
0
0
0
0
0
0
0
0
0
0
0
0
0
0
0
0
0
0
0
165
0
0
0
0
0
0
0
0
0
0
918
0
0
0
971
0
0
0
0
0
0
1243
0
0
115
0
61
0
0
0
942
0
702
1209
0
0
0
0
633
0
0
0
0
0
0
0
0
239
0
0
978
0
0
822
0
0
0
0
0
0
0
0
0
0
0
0
0
0
0
0
0
0
0
0
0
0
0
0
0
0
357
0
0
0
0
0
70
822
0
0
0
0
0
928
600
293
61
0
0
0
0
0
0
0
677
0
0
0
208
0
0
0
0
810
0
0
0
0
870
0
617
0
0
0
0
6
0
0
0
0
0
0
0
0
0
0
0
0
0
0
0
0
0
600
0
0
0
0
0
0
0
1048
0
718
0
0
0
0
1003
0
0
0
894
0
0
0
0
0
0
0
958
0
0
0
0
0
0
0
0
0
0
597
0
0
0
0
0
0
0
0
0
0
0
0
0
110
761
0
0
0
0
0
440
0
0
0
0
0
0
0
0
0
921
0
0
0
0
0
0
0
0
0
0
0
0
0
0
0
0
142
762
0
818
0
0
0
850
0
0
0
0
0
0
646
0
0
44
0
0
0
0
920
406
0
0
0
0
0
0
0
0
0
0
0
0
0
0
0
570
0
843
0
1176
0
0
0
0
0
0
0
0
6
0
0
0
0
0
0
0
0
260
0
0
0
0
0
0
0
767
0
0
83
0
0
0
0
799
0
0
0
633
0
0
0
0
0
0
0
0
199
0
0
0
0
0
0
0
0
617
0
60
0
0
0
0
0
305
0
0
0
612
0
0
0
369
0
0
0
0
0
0
0
0
0
0
0
0
265
0
0
0
0
0
0
0
0
613
0
287
0
0
0
0
0
0
0
0
0
0
928
0
0
0
0
0
574
0
0
0
1195
0
0
0
0
0
0
0
0
0
0
0
0
1084
0
0
0
0
0
342
0
0
0
0
0
44
0
82
0
0
110
1152
0
796
0
0
0
0
0
0
398
0
0
1131
0
0
0
0
0
0
0
0
0
0
0
0
183
0
0
0
1228
0
0
0
166
1062
0
1233
0
0
0
0
567
620
0
0
0
0
0
0
0
0
637
1106
0
1090
1097
0
0
1006
1241
0
0
0
0
0
0
0
0
0
0
0
0
0
644
0
0
0
0
0
0
0
0
0
0
0
0
1018
0
0
0
0
0
1070
106
0
521
0
0
0
0
0
0
0
0
0
0
0
0
0
0
1228
0
143
0
0
0
0
0
0
0
0
0
0
0
0
633
0
0
0
0
0
0
0
0
0
0
0
714
0
0
0
0
0
0
742
0
0
0
0
0
0
0
0
212
0
0
0
299
0
0
0
771
0
0
0
0
0
0
0
0
0
0
0
1139
0
0
0
0
0
0
0
0
0
0
500
0
0
0
0
165
0
0
0
0
0
821
0
0
0
0
0
0
0
0
0
0
0
0
0
0
0
0
0
0
0
0
0
574
0
0
535
0
0
0
0
0
803
0
0
0
0
0
0
0
0
784
0
0
0
0
0
0
0
0
0
0
0
0
0
0
0
0
0
0
0
823
0
0
0
0
0
0
0
0
0
0
0
0
0
0
0
0
0
0
0
0
0
0
677
0
0
0
139
0
0
0
0
1133
0
44
0
0
0
0
0
0
0
0
0
0
70
0
0
0
0
0
0
0
0
0
514
0
0
0
0
0
1228
796
0
0
0
0
0
0
799
0
0
0
0
0
0
0
1133
0
421
0
0
0
0
0
0
0
0
1254
0
0
0
721
0
0
0
0
0
0
0
0
0
0
741
0
0
0
0
0
0
0
765
0
0
0
0
0
0
0
0
0
1073
0
0
0
1018
0
0
0
1090
0
0
0
0
0
0
0
0
0
0
0
0
0
0
0
0
0
0
6
0
0
399
0
44
0
0
330
0
0
1228
0
0
0
0
0
0
300
0
0
17
0
1261
0
0
142
0
0
183
796
0
476
0
583
761
0
0
965
0
0
0
0
0
0
0
0
0
176
0
0
0
0
0
0
0
0
0
0
1241
0
0
0
0
0
0
0
0
0
0
0